start=1481.480000
pause=yes
volume=76.000000
sub-delay=0.500000
